   "time"				"x"					"y"
   0.0000000000000000e+00	   0.0000000000000000e+00	  -0.0000000000000000e+00	
   9.2034339904785156e-03	  -3.7000868534649804e-04	   2.7461158708646218e-05	
   1.0941886901855469e-01	   2.6154658925667479e-04	   1.0175888683351517e-03	
   2.0952534675598145e-01	  -4.7081622635299487e-04	   1.1756431647380904e-03	
   3.0910325050354004e-01	  -1.0080661351824247e-04	   1.1481819216062486e-03	
   4.0922665596008301e-01	  -2.7815780816989593e-04	   1.2650444326769638e-03	
   5.0990700721740723e-01	  -3.1642868639842096e-04	   7.4938483264646747e-04	
   6.1853575706481934e-01	  -6.5582103804682080e-04	   1.1893737283359953e-03	
   7.0956301689147949e-01	  -7.7843896862316828e-05	   1.4575777111143200e-03	
   8.0961513519287109e-01	  -2.8581142521206837e-04	   1.1619124852041535e-03	
   9.0981435775756836e-01	   3.2278021579982381e-04	   1.8426446056818147e-03	
   1.0093193054199219e+00	   1.0715905985500031e-04	   1.4438473163628062e-03	
   1.1092410087585449e+00	  -7.0190269267244898e-05	   1.5607097745231622e-03	
   1.2097024917602539e+00	  -8.5497513904489301e-05	   1.3544457636415097e-03	
   1.3096082210540771e+00	   4.7716774520149829e-04	   1.4163861576541601e-03	
   1.4095299243927002e+00	   2.4623747909002222e-04	   8.1132491036385839e-04	
   1.5099406242370605e+00	  -1.2031781250273095e-03	   1.3336972607818020e-03	
   1.6183958053588867e+00	  -1.9202346129350899e-03	   1.6980157684256206e-03	
   1.7097449302673340e+00	  -1.1878699423489114e-03	   1.5399613031762906e-03	
   1.8091783523559570e+00	  -1.9202346129350899e-03	   1.6980157684256206e-03	
   1.9097933769226074e+00	  -1.1802153872655851e-03	   1.6430932821619370e-03	
   2.0092844963073730e+00	   1.6956558762250165e-03	   2.8895242261236007e-04	
   2.1095468997955322e+00	   9.4798582653100199e-04	   2.4074282406967844e-04	
   2.2089231014251709e+00	   2.7597564778468605e-03	  -4.1222286440178513e-04	
   2.3096642494201660e+00	   1.6420758772769395e-03	  -4.3297125132546119e-04	
   2.4090056419372559e+00	   1.8500415612030820e-03	  -1.3730574063287171e-04	
   2.5098035335540771e+00	   2.7827192156085851e-03	  -1.0282684302165005e-04	
   2.6193499565124512e+00	   5.4735800391584374e-04	  -1.4432373280503393e-04	
   2.7101826667785645e+00	   1.7888079346599329e-03	  -9.6236147797953509e-04	
   2.8090801239013672e+00	  -7.4767192577632235e-04	  -4.8209661568354053e-05	
   2.9103598594665527e+00	  -4.5925454417650215e-05	  -6.1879181088820645e-04	
   3.0091438293457031e+00	  -2.3092748364671298e-04	  -6.0506150055988830e-04	
   3.1098875999450684e+00	   4.8482044530831589e-04	   1.5195183054861976e-03	
   3.2091040611267090e+00	   6.6217161885417041e-04	   1.4026555625434188e-03	
   3.3095440864562988e+00	   2.6154658925667479e-04	   1.0175888683351517e-03	
   3.4091482162475586e+00	   1.0168730595634240e-03	   1.1689303929531202e-03	
   3.5097458362579346e+00	   5.0012954492206904e-04	   1.7257821475214589e-03	
   3.6181662082672119e+00	   4.3124136329559371e-04	   7.9759443118914905e-04	
   3.7104134559631348e+00	   1.0398357762193497e-03	   1.4783261824611918e-03	
   3.8087549209594727e+00	   8.3186639289308938e-04	   1.1826611253974164e-03	
   3.9092421531677246e+00	   1.2171851158944945e-03	   1.3614638402368675e-03	
   4.0096671581268311e+00	   4.3124136329559371e-04	   7.9759443118914905e-04	
   4.1093449592590332e+00	  -1.3958374706986630e-03	   1.2442960772661240e-03	
   4.2089521884918213e+00	   1.2246723198049909e-04	   1.6501112428212630e-03	
   4.3097264766693115e+00	  -2.6284869800324330e-04	   1.4713083906482570e-03	
   4.4093828201293945e+00	  -1.3142388525749446e-04	   7.3565415311253066e-04	
   4.5103733539581299e+00	   8.9310002998913777e-04	   2.0077169786801114e-03	
   4.6191744804382324e+00	   9.1850877176602089e-05	   1.2375832739683176e-03	
   4.7100472450256348e+00	  -3.9572997527992913e-05	   1.9732375430168802e-03	
   4.8089933395385742e+00	   8.4196332646175204e-05	   1.1344514109187030e-03	
   4.9088490009307861e+00	   1.5489210363772603e-03	   8.1834290253602064e-04	
   5.0096142292022705e+00	   1.2554560046759188e-03	   1.8771235562033957e-03	
   5.1112372875213623e+00	   1.2248387329366667e-03	   1.4645957877096778e-03	
   5.2099528312683105e+00	  -1.0028669961844937e-03	   1.5262307924887449e-03	
   5.3095471858978271e+00	  -9.8755975154724918e-04	   1.7324948033703973e-03	
   5.4093985557556152e+00	   9.0548800088731949e-05	   3.7264808807598213e-03	
   5.5100152492523193e+00	  -1.2504074904035396e-03	   3.2038034574035541e-03	
   5.6197056770324707e+00	  -2.0363503049612864e-03	   2.6399340798686716e-03	
   5.7100589275360107e+00	  -1.3269492996250869e-03	   2.1724836776624021e-03	
   5.8090128898620605e+00	  -2.2902405263697241e-03	   1.7254765579286483e-03	
   5.9094331264495850e+00	  -2.1358557688799136e-03	   1.2992184791066122e-03	
   6.0091576576232910e+00	  -2.3897459586296522e-03	   3.8476130497468414e-04	
   6.1100296974182129e+00	  -8.0890555231947125e-04	  -8.7326539891501736e-04	
   6.2093913555145264e+00	  -1.4953419860232364e-03	  -9.6419376047067468e-05	
   6.3090589046478271e+00	  -7.7828827002731998e-04	  -4.6073751448526756e-04	
   6.4095361232757568e+00	  -2.2327385605164102e-04	  -5.0192943715104618e-04	
   6.5103063583374023e+00	  -7.5532648085964871e-04	  -1.5134164055400056e-04	
   6.6196970939636230e+00	  -7.5532648085964871e-04	  -1.5134164055400056e-04	
   6.7102439403533936e+00	  -1.5808413549042346e-03	   1.2580265564408335e-03	
   6.8094766139984131e+00	  -1.0105215301620212e-03	   1.4230990453751619e-03	
   6.9093225002288818e+00	  -4.6316169237546747e-04	   1.2787749118516733e-03	
   7.0091941356658936e+00	  -2.2060450790002059e-03	   2.8599285170146740e-03	
   7.1090800762176514e+00	  -1.2886784108436626e-03	   2.6881433936289303e-03	
   7.2094857692718506e+00	  -2.0210421328357877e-03	   2.8461980063271284e-03	
   7.3091745376586914e+00	  -2.1754278072609536e-03	   3.2724562855083921e-03	
   7.4094281196594238e+00	  -1.6816498022931869e-03	   2.4062088787655369e-03	
   7.5104711055755615e+00	  -1.9521548998033659e-03	   3.7743855752105700e-03	
   7.6185631752014160e+00	  -1.7977673809545906e-03	   3.3481270112468834e-03	
   7.7097446918487549e+00	  -3.1157590998144285e-03	   3.1348452085522968e-03	
   7.8090403079986572e+00	  -1.2197911567054418e-03	   3.6163311943844360e-03	
   7.9097115993499756e+00	  -8.9570885326484837e-04	   2.9700783092107786e-03	
   8.0079281330108643e+00	  -7.7959222319749777e-04	   2.0281600292805639e-03	
   8.1099741458892822e+00	  -3.5600351779712373e-04	   2.7226227763818022e-03	
   8.2092893123626709e+00	  -4.7227542058419798e-05	   1.8701056799672656e-03	
   8.3097848892211914e+00	   1.2784187424376434e-03	   2.1865195775835310e-03	
   8.4094512462615967e+00	  -3.1918431891767143e-05	   2.0763696379385585e-03	
   8.5106439590454102e+00	  -1.2657156836348377e-03	   2.9975392990730337e-03	
   8.6195702552795410e+00	   1.5399644042060638e-03	   3.2041085303418778e-03	
   8.7101833820343018e+00	   1.8793567241957652e-03	   2.7641192868442547e-03	
   8.8091092109680176e+00	  -1.5569056563649738e-04	   2.9151557914342584e-03	
   8.9102346897125244e+00	   2.0796678741443800e-03	   2.9566530504232611e-03	
   9.0100867748260498e+00	   7.5402160020121643e-04	   2.6402392687430278e-03	
   9.1105034351348877e+00	  -5.2439529781281758e-04	   4.5371940637707359e-04	
   9.2095351219177246e+00	   7.0191165096800942e-05	  -1.5607102067544531e-03	
   9.3095595836639404e+00	  -4.1593321227589386e-04	  -5.9133073660275594e-04	
   9.4092617034912109e+00	  -1.1865687821963962e-03	  -9.4893610325598573e-04	
   9.5103540420532227e+00	  -1.7262722521347125e-03	  -7.0148062333736901e-04	
   9.6187517642974854e+00	  -8.1655917991454324e-04	  -9.7639746232385948e-04	
   9.7098734378814697e+00	  -1.2095305608111680e-03	  -1.2583318612512211e-03	
   9.8100013732910156e+00	   1.5961513503475436e-03	  -1.0517631466368633e-03	
   9.9099946022033691e+00	   8.5499368880998070e-05	  -1.3544459324879010e-03	
   1.0010326147079468e+01	   6.5581915141161369e-04	  -1.1893739072976997e-03	
   1.0110109329223633e+01	   8.6248274769698628e-04	   1.5951890942503618e-03	
   1.0209059238433838e+01	   2.1192445605195918e-03	   9.8341493784153506e-04	
   1.0309385776519775e+01	   1.5948464907949104e-03	   1.4371347134242271e-03	
   1.0408831119537354e+01	   1.5795383186694117e-03	   1.2308707869657703e-03	
   1.0509729385375977e+01	   1.4251498617794827e-03	   1.6571293194166208e-03	
   1.0622828960418701e+01	  -9.4928791417177153e-04	   2.2481546667857937e-03	
   1.0709321975708008e+01	   1.4542995918932422e-04	   1.9595071482653662e-03	
   1.0809356451034546e+01	   2.4420247974252145e-03	   2.8260597753954134e-03	
   1.0909785270690918e+01	   1.1087239683987245e-03	   2.4065140147295334e-03	
   1.1009766578674316e+01	   2.0873224081219073e-03	   3.0597847975368441e-03	
   1.1109966993331909e+01	  -2.1692416052094803e-04	   2.0901004018956909e-03	
   1.1209282875061035e+01	   2.2962632349419782e-04	   3.0939589069921645e-03	
   1.1309281349182129e+01	   1.5308451427265053e-04	   2.0626391272510129e-03	
   1.1409185171127319e+01	  -3.6365810453914838e-04	   2.6194904495880603e-03	
   1.1510836362838745e+01	   6.9278797365806741e-04	   1.8151835313963641e-03	
   1.1619526863098145e+01	   7.1575161780224744e-04	   2.1245792364812401e-03	
   1.1709592819213867e+01	   2.0107806305590587e-03	   2.0284653656037878e-03	
   1.1809656381607056e+01	   2.2340572690754627e-03	   2.5303945494852468e-03	
   1.1910468339920044e+01	   1.5705807484570613e-03	   3.6166363832587914e-03	
   1.2009302139282227e+01	   1.6866973996302109e-03	   2.6747183352006402e-03	
   1.2109450101852417e+01	   9.0548800088731949e-05	   3.7264808807598213e-03	
   1.2209361553192139e+01	   2.1431811971000061e-04	   2.8876946327256125e-03	
   1.2309474229812622e+01	   9.1606274664506342e-04	   2.3171127681881828e-03	
   1.2409302949905396e+01	  -1.6610259766268356e-05	   2.2826335643970153e-03	
   1.2510779857635498e+01	  -6.2520376630756879e-04	   1.6019014968297134e-03	
   1.2619668722152710e+01	  -5.4881159100592271e-05	   1.7669737324944551e-03	
   1.2709719181060791e+01	  -1.8630688878169607e-04	   2.5026281703894085e-03	
   1.2809502840042114e+01	  -1.4188002084603876e-03	   9.3490005588598899e-04	
   1.2909312725067139e+01	   1.4542995918932422e-04	   1.9595071482653662e-03	
   1.3009284973144531e+01	   4.2537954592939730e-03	   2.1730942028599818e-03	
   1.3110010623931885e+01	   3.3211205873532323e-03	   2.1386150519791735e-03	
   1.3209172487258911e+01	   1.5016925879363851e-03	   2.6884488987985451e-03	
   1.3309586048126221e+01	   1.7096601162861365e-03	   2.9841141247087121e-03	
   1.3410086154937744e+01	   1.8640485837289650e-03	   2.5578557081938932e-03	
   1.3509940862655640e+01	   1.7708937322763860e-03	   3.8091697461193428e-03	
   1.3619571447372437e+01	   9.3902455691853353e-04	   2.6265088739915138e-03	
   1.3709694862365723e+01	   1.5399644042060638e-03	   3.2041085303418778e-03	
   1.3809765100479126e+01	   1.4863834672168329e-03	   2.4821848248912206e-03	
   1.3911209106445313e+01	   7.9229341647089533e-04	   3.1558989002863601e-03	
   1.4009335994720459e+01	   7.9994795044842273e-04	   3.2590306473999427e-03	
   1.4109311103820801e+01	   3.3746996588130550e-03	   2.8605388103401901e-03	
   1.4209533691406250e+01	   3.1820403025888022e-03	   2.7711375108884807e-03	
   1.4309356689453125e+01	   2.8196852553902755e-03	   2.9017308489420004e-03	
   1.4409112930297852e+01	   3.4435878193337312e-03	   3.7887262948004359e-03	
   1.4509932041168213e+01	   3.2815448179133759e-03	   4.1118529642016717e-03	
   1.4618941068649292e+01	   2.1179387629258048e-03	   3.4723127663897893e-03	
   1.4711159944534302e+01	   2.1026305802474064e-03	   3.2660487239953009e-03	
   1.4809128999710083e+01	   1.1852657459615733e-03	   3.4378334466625897e-03	
   1.4910086393356323e+01	   1.9405903612918138e-03	   3.5891751401269500e-03	
   1.5009151458740234e+01	   1.1393402915439231e-03	   2.8190416357743832e-03	
   1.5109569072723389e+01	   1.2095314882994224e-03	   1.2583317768280256e-03	
   1.5209608316421509e+01	   1.7721986023819189e-03	   1.3202720019942845e-03	
   1.5310009002685547e+01	   3.3670451037297287e-03	   2.7574068313545438e-03	
   1.5409784555435181e+01	   2.9204955472028372e-03	   1.7535482418348741e-03	
   1.5511425971984863e+01	   2.6359834377196749e-03	   4.2656360538917437e-04	
   1.5620198488235474e+01	   2.5275222796710055e-03	   1.4716136639458081e-03	
   1.5709972858428955e+01	   3.6222420185615094e-03	   1.1829660925150216e-03	
   1.5810151815414429e+01	   2.5581395725160563e-03	   1.8841416643115897e-03	
   1.5910879611968994e+01	   1.0245276146467503e-03	   1.2720623719387667e-03	
   1.6010081291198730e+01	   1.1712596509239445e-03	   7.4267191341262926e-04	
   1.6109630584716797e+01	   1.3792253348500869e-03	   1.0383374241052187e-03	
   1.6210175037384033e+01	   2.7685476138217361e-04	   1.2238527947936082e-03	
   1.6309651136398315e+01	   8.2421183780976301e-04	   1.0795291464117699e-03	
   1.6409366130828857e+01	   1.0551439588977480e-03	   1.6845902248556804e-03	
   1.6509953737258911e+01	   6.6217161885417041e-04	   1.4026555625434188e-03	
   1.6620782613754272e+01	   1.5948464907949104e-03	   1.4371347134242271e-03	
   1.6710242509841919e+01	   1.9954715203924062e-03	   1.8222014076324947e-03	
   1.6809355258941650e+01	   3.2981578601444070e-03	   1.8292191465350701e-03	
   1.6909586429595947e+01	   1.0412517327738837e-02	   2.4419083630277906e-03	
   1.7009979248046875e+01	   2.3116580989994088e-02	   6.6944245551471071e-04	
   1.7110226154327393e+01	   4.4444353096734182e-02	   2.3012462415600878e-03	
   1.7209797143936157e+01	   7.6818803878285949e-02	   2.3872914134465528e-03	
   1.7309216022491455e+01	   1.2029221120374506e-01	   4.1383986722232733e-03	
   1.7409399271011353e+01	   1.7586108778908860e-01	   3.4363083881508993e-03	
   1.7510335206985474e+01	   2.4604400197985785e-01	   4.1383986722232612e-03	
   1.7618581295013428e+01	   3.3205048438962859e-01	   7.5030019653717396e-03	
   1.7709510564804077e+01	   4.2416210769919621e-01	   1.0414495365429266e-02	
   1.7809354305267334e+01	   5.2805016914586289e-01	   1.6599969592852377e-02	
   1.7909713268280029e+01	   6.2807984519321747e-01	   3.0953005474775648e-02	
   1.8009602546691895e+01	   7.3921482727950505e-01	   4.9563131079851316e-02	
   1.8109620571136475e+01	   8.5733779509576746e-01	   7.4602524464636111e-02	
   1.8209585666656494e+01	   9.6940789594976484e-01	   1.0330584634659713e-01	
   1.8309290409088135e+01	   1.0778327946927160e+00	   1.3051680435422502e-01	
   1.8410095214843750e+01	   1.1770278328301091e+00	   1.6370148053059391e-01	
   1.8510195970535278e+01	   1.2764435403422383e+00	   2.0236587776367998e-01	
   1.8619423389434814e+01	   1.3751765564554794e+00	   2.4937694050733417e-01	
   1.8710088729858398e+01	   1.4731236277408928e+00	   2.9582413230325938e-01	
   1.8809605360031128e+01	   1.5607231642492787e+00	   3.4822429259442345e-01	
   1.8912297010421753e+01	   1.6561630721856857e+00	   3.9848705550046104e-01	
   1.9010199308395386e+01	   1.7529439361698684e+00	   4.4927249316332624e-01	
   1.9109831094741821e+01	   1.8373907469899073e+00	   5.0180293494240535e-01	
   1.9209483861923218e+01	   1.9206254190156551e+00	   5.5805283635374781e-01	
   1.9309511899948120e+01	   2.0056552530030003e+00	   6.1593240234189661e-01	
   1.9409664154052734e+01	   2.0826304008254275e+00	   6.7306166715073645e-01	
   1.9511034011840820e+01	   2.1609541546343780e+00	   7.3081673934937763e-01	
   1.9620862960815430e+01	   2.2401097801478813e+00	   7.8975446938441218e-01	
   1.9710568904876709e+01	   2.3085644707937529e+00	   8.5238999776469226e-01	
   1.9809662342071533e+01	   2.3825972995562172e+00	   9.2000392509643747e-01	
   1.9909503936767578e+01	   2.4544776685080776e+00	   9.9119970086638698e-01	
   2.0009708166122437e+01	   2.5171511413626950e+00	   1.0686785897301230e+00	
   2.0109807252883911e+01	   2.5949068639465129e+00	   1.1513638015037349e+00	
   2.0210129022598267e+01	   2.6677606245353092e+00	   1.2331684242021284e+00	
   2.0310057401657104e+01	   2.7410545857437434e+00	   1.3133848737115950e+00	
   2.0409976959228516e+01	   2.8198348415587349e+00	   1.3973421376434929e+00	
   2.0510446548461914e+01	   2.8848405818759297e+00	   1.4811810165777983e+00	
   2.0619618892669678e+01	   2.9481136993601824e+00	   1.5617263855978871e+00	
   2.0710123777389526e+01	   3.0069989903521850e+00	   1.6458121077163601e+00	
   2.0811414480209351e+01	   3.0575770056970644e+00	   1.7257441793765051e+00	
   2.0911469459533691e+01	   3.1013673494659932e+00	   1.7994395192019068e+00	
   2.1009914636611938e+01	   3.1454205419223720e+00	   1.8716635505207240e+00	
   2.1109840393066406e+01	   3.1985249401730131e+00	   1.9405196171487960e+00	
   2.1210230588912964e+01	   3.2585204254047402e+00	   2.0094864380543060e+00	
   2.1309364080429077e+01	   3.3148733095606064e+00	   2.0719831067020098e+00	
   2.1410193920135498e+01	   3.3716128172884736e+00	   2.1321696800885563e+00	
   2.1510669231414795e+01	   3.4264946233140190e+00	   2.1923904275114170e+00	
   2.1618606567382813e+01	   3.4807908040196320e+00	   2.2522398371062553e+00	
   2.1710427522659302e+01	   3.5403539057527955e+00	   2.3078614453696988e+00	
   2.1810402870178223e+01	   3.5995189850299361e+00	   2.3581201949085342e+00	
   2.1909950971603394e+01	   3.6612754279929960e+00	   2.4056978173698984e+00	
   2.2010024785995483e+01	   3.7263798642540467e+00	   2.4482567580943622e+00	
   2.2110826253890991e+01	   3.8043298854792780e+00	   2.4984694165014596e+00	
   2.2209275007247925e+01	   3.8821600429946974e+00	   2.5420541717827851e+00	
   2.2309587955474854e+01	   3.9623659402892857e+00	   2.5825590032983978e+00	
   2.2409678697586060e+01	   4.0540434091693598e+00	   2.6197236338988570e+00	
   2.2510357379913330e+01	   4.1450230363553713e+00	   2.6499921584026778e+00	
   2.2619665861129761e+01	   4.2421244163237590e+00	   2.6775249367295713e+00	
   2.2710072278976440e+01	   4.3399262393790252e+00	   2.7069760264246625e+00	
   2.2810191869735718e+01	   4.4350142332130735e+00	   2.7374581300465177e+00	
   2.2909760475158691e+01	   4.5369309308054468e+00	   2.7546783244960218e+00	
   2.3010220050811768e+01	   4.6380030548152211e+00	   2.7655318049305175e+00	
   2.3109763622283936e+01	   4.7309529028678590e+00	   2.7722179097189397e+00	
   2.3210098981857300e+01	   4.8296149200489396e+00	   2.7781689659257101e+00	
   2.3309377908706665e+01	   4.9290718349167486e+00	   2.7822981270944798e+00	
   2.3409869670867920e+01	   5.0228970300989690e+00	   2.7807269689369667e+00	
   2.3511090040206909e+01	   5.1258652782110152e+00	   2.7770254293525607e+00	
   2.3619292020797729e+01	   5.2261848349475493e+00	   2.7677132753284899e+00	
   2.3709911584854126e+01	   5.3282549297207664e+00	   2.7569231007216666e+00	
   2.3809524297714233e+01	   5.4380479785949456e+00	   2.7474263392304703e+00	
   2.3911458492279053e+01	   5.5385129651218223e+00	   2.7400736904996887e+00	
   2.4010788679122925e+01	   5.6396018569001312e+00	   2.7336080359180719e+00	
   2.4109973430633545e+01	   5.7423188168378667e+00	   2.7240142512713179e+00	
   2.4209388017654419e+01	   5.8401517254113635e+00	   2.7087683584569029e+00	
   2.4309743165969849e+01	   5.9308588666972231e+00	   2.6852368372812072e+00	
   2.4409689903259277e+01	   6.0166296856748369e+00	   2.6528423913992158e+00	
   2.4510751247406006e+01	   6.1077413592135290e+00	   2.6222292549953417e+00	
   2.4619719982147217e+01	   6.1980262173394802e+00	   2.5955143807483267e+00	
   2.4709785938262939e+01	   6.2981277073815471e+00	   2.5757447250832932e+00	
   2.4809750080108643e+01	   6.3917247297253352e+00	   2.5535542241276699e+00	
   2.4910950183868408e+01	   6.4882717210045158e+00	   2.5209821925864984e+00	
   2.5009600639343262e+01	   6.5806083924511034e+00	   2.4767971585497168e+00	
   2.5110560178756714e+01	   6.6670887665928333e+00	   2.4288987753801150e+00	
   2.5209508657455444e+01	   6.7603351532198879e+00	   2.3844388271179655e+00	
   2.5310093402862549e+01	   6.8554162761134601e+00	   2.3396353099788794e+00	
   2.5409869670867920e+01	   6.9407380945166874e+00	   2.2961783128765463e+00	
   2.5510496377944946e+01	   7.0210278291178891e+00	   2.2500874935321096e+00	
   2.5619358062744141e+01	   7.0968558015123611e+00	   2.2015279233381686e+00	
   2.5710418701171875e+01	   7.1742735706404472e+00	   2.1493245677371817e+00	
   2.5809644460678101e+01	   7.2526240155996220e+00	   2.0971556915504603e+00	
   2.5910774946212769e+01	   7.3378183218211417e+00	   2.0469676748044896e+00	
   2.6009927272796631e+01	   7.4199721071143179e+00	   2.0034347137818651e+00	
   2.6110732555389404e+01	   7.5060109858009953e+00	   1.9596134090484774e+00	
   2.6209862470626831e+01	   7.5880613624441100e+00	   1.9222064176038027e+00	
   2.6310710668563843e+01	   7.6696256137401519e+00	   1.8857688052499584e+00	
   2.6409683704376221e+01	   7.7493717424556339e+00	   1.8473921350274822e+00	
   2.6511335372924805e+01	   7.8251868554116957e+00	   1.8086850198137565e+00	
   2.6619956016540527e+01	   7.9066413441468200e+00	   1.7757813522583730e+00	
   2.6709795951843262e+01	   7.9856639088851686e+00	   1.7502134690259368e+00	
   2.6809120416641235e+01	   8.0640726703523224e+00	   1.7339204281539271e+00	
   2.6909999608993530e+01	   8.1560339727452931e+00	   1.7147549453729007e+00	
   2.7009953498840332e+01	   8.2519964853306771e+00	   1.6943592024561571e+00	
   2.7109639406204224e+01	   8.3448023617377487e+00	   1.6815604281567227e+00	
   2.7209562778472900e+01	   8.4397937663939295e+00	   1.6756510377282976e+00	
   2.7309730768203735e+01	   8.5459377046615934e+00	   1.6721286214040720e+00	
   2.7409636735916138e+01	   8.6469907690470453e+00	   1.6752060301137177e+00	
   2.7510904550552368e+01	   8.7326935283502483e+00	   1.6845040020728770e+00	
   2.7619162559509277e+01	   8.8270812321153187e+00	   1.6980312846332444e+00	
   2.7710085391998291e+01	   8.9308722319200164e+00	   1.7129346671091479e+00	
   2.7809681892395020e+01	   9.0350153307806327e+00	   1.7325821082459156e+00	
   2.7910252094268799e+01	   9.1345766437805569e+00	   1.7581693906514877e+00	
   2.8009701013565063e+01	   9.2378443896922260e+00	   1.7860740821714711e+00	
   2.8111015796661377e+01	   9.3405558250037330e+00	   1.8165088560215954e+00	
   2.8210018396377563e+01	   9.4324029834880925e+00	   1.8534534456630478e+00	
   2.8310807228088379e+01	   9.5126867181285277e+00	   1.8925006480448578e+00	
   2.8409701108932495e+01	   9.6021797932661777e+00	   1.9353234394502277e+00	
   2.8510413646697998e+01	   9.6963745213665344e+00	   1.9788342786099977e+00	
   2.8619479894638062e+01	   9.7881705462956816e+00	   2.0251156383260662e+00	
   2.8709936380386353e+01	   9.8789956254430003e+00	   2.0708468589434150e+00	
   2.8809727668762207e+01	   9.9584716011420298e+00	   2.1215683811156492e+00	
   2.8910946846008301e+01	   1.0038793452911142e+01	   2.1761677139308118e+00	
   2.9010553121566772e+01	   1.0121095472043340e+01	   2.2323829769648058e+00	
   2.9110400438308716e+01	   1.0202125425606422e+01	   2.2890037473719778e+00	
   2.9209538459777832e+01	   1.0276767027321542e+01	   2.3422617559161569e+00	
   2.9309481143951416e+01	   1.0348826225587338e+01	   2.3958151244129486e+00	
   2.9410311222076416e+01	   1.0427204884515394e+01	   2.4518030648750138e+00	
   2.9511453628540039e+01	   1.0492869226119771e+01	   2.5144381282917845e+00	
   2.9619444370269775e+01	   1.0556811044152298e+01	   2.5839415192528152e+00	
   2.9710010766983032e+01	   1.0641253816050646e+01	   2.6589749450858942e+00	
   2.9810580968856812e+01	   1.0711846835113402e+01	   2.7303697845655335e+00	
   2.9909626483917236e+01	   1.0750337207654223e+01	   2.7978215444633263e+00	
   3.0010217189788818e+01	   1.0816763077460260e+01	   2.8782364417184070e+00	
   3.0111007690429688e+01	   1.0897609022908433e+01	   2.9624549894785823e+00	
   3.0210725784301758e+01	   1.0948451211533275e+01	   3.0384266914248275e+00	
   3.0310329437255859e+01	   1.0999657057651753e+01	   3.1117789064839889e+00	
   3.0410322189331055e+01	   1.1072161207648033e+01	   3.1988979580972932e+00	
   3.0510087251663208e+01	   1.1145466609979435e+01	   3.2867871372808164e+00	
   3.0620923995971680e+01	   1.1217098017347386e+01	   3.3771856501655679e+00	
   3.0709994077682495e+01	   1.1294424989274411e+01	   3.4691317386309661e+00	
   3.0809616088867188e+01	   1.1340511956087397e+01	   3.5436934580808725e+00	
   3.0913994789123535e+01	   1.1399531312966555e+01	   3.6220655404699666e+00	
   3.1011437177658081e+01	   1.1469359915241997e+01	   3.7107312487452635e+00	
   3.1110446453094482e+01	   1.1520102609172815e+01	   3.7853622198490493e+00	
   3.1209677457809448e+01	   1.1568819211181953e+01	   3.8577584684908839e+00	
   3.1310266017913818e+01	   1.1629344176419016e+01	   3.9313523090125710e+00	
   3.1410334110260010e+01	   1.1681879583969337e+01	   3.9975542403629167e+00	
   3.1510253667831421e+01	   1.1737593286914068e+01	   4.0589574911276838e+00	
   3.1619487762451172e+01	   1.1786065112413571e+01	   4.1130170412750608e+00	
   3.1709887981414795e+01	   1.1836533710445877e+01	   4.1664098938005329e+00	
   3.1809969186782837e+01	   1.1898239042731449e+01	   4.2233241575381975e+00	
   3.1910500288009644e+01	   1.1962050913410298e+01	   4.2760377842830923e+00	
   3.2010266065597534e+01	   1.2033163449833456e+01	   4.3268614653498005e+00	
   3.2110142230987549e+01	   1.2105846724588876e+01	   4.3662652924463989e+00	
   3.2209741830825806e+01	   1.2179273770390346e+01	   4.4131839986260912e+00	
   3.2310011386871338e+01	   1.2262351654179627e+01	   4.4598012274819903e+00	
   3.2409621238708496e+01	   1.2347542430968369e+01	   4.5048098414895934e+00	
   3.2511407136917114e+01	   1.2443510683357569e+01	   4.5471519651062176e+00	
   3.2619465112686157e+01	   1.2538701947457303e+01	   4.5865444613906767e+00	
   3.2709972620010376e+01	   1.2637788558780805e+01	   4.6207739587721557e+00	
   3.2809836864471436e+01	   1.2744710486442385e+01	   4.6477851417051701e+00	
   3.2909655332565308e+01	   1.2851821321333771e+01	   4.6673159210061330e+00	
   3.3010335683822632e+01	   1.2950012525957458e+01	   4.6744425373977885e+00	
   3.3109671831130981e+01	   1.3049922348709698e+01	   4.6821674969003793e+00	
   3.3213946104049683e+01	   1.3150320895895408e+01	   4.6839452983408831e+00	
   3.3309955596923828e+01	   1.3245956559654243e+01	   4.6842100002100677e+00	
   3.3410277843475342e+01	   1.3338434443153041e+01	   4.6795240824714881e+00	
   3.3511108398437500e+01	   1.3440022162253825e+01	   4.6772730341294579e+00	
   3.3619462251663208e+01	   1.3543607956682102e+01	   4.6718663984423818e+00	
   3.3710451841354370e+01	   1.3637005807632139e+01	   4.6620309147012726e+00	
   3.3810065269470215e+01	   1.3735576124145705e+01	   4.6517078368150067e+00	
   3.3909630775451660e+01	   1.3830838026460770e+01	   4.6444301982420289e+00	
   3.4009704113006592e+01	   1.3917927820615922e+01	   4.6398330793515967e+00	
   3.4110167026519775e+01	   1.4007015692933795e+01	   4.6320803734425304e+00	
   3.4209729671478271e+01	   1.4094572549977638e+01	   4.6187378136968018e+00	
   3.4309512138366699e+01	   1.4181815581932286e+01	   4.6011668579991145e+00	
   3.4409806489944458e+01	   1.4278556368099178e+01	   4.5812317939659035e+00	
   3.4509931325912476e+01	   1.4371760409172785e+01	   4.5587593321577078e+00	
   3.4619627237319946e+01	   1.4466810742738019e+01	   4.5285797624384410e+00	
   3.4710077524185181e+01	   1.4562580729263942e+01	   4.4930580973485217e+00	
   3.4809969425201416e+01	   1.4659130307676538e+01	   4.4555082788061613e+00	
   3.4910387277603149e+01	   1.4756857499987438e+01	   4.4212931503798627e+00	
   3.5010445356369019e+01	   1.4850246695702445e+01	   4.3837704954805128e+00	
   3.5110168695449829e+01	   1.4947015797489762e+01	   4.3391528092430276e+00	
   3.5211058855056763e+01	   1.5028392573352363e+01	   4.2926702352036141e+00	
   3.5310874462127686e+01	   1.5116597899679844e+01	   4.2479622483840087e+00	
   3.5409377336502075e+01	   1.5201126102366503e+01	   4.2038382743899909e+00	
   3.5511429548263550e+01	   1.5288106590879149e+01	   4.1576657018691119e+00	
   3.5619593620300293e+01	   1.5371033589824723e+01	   4.1095125830644275e+00	
   3.5710602760314941e+01	   1.5448758810047661e+01	   4.0589456451184773e+00	
   3.5809836864471436e+01	   1.5520803781356319e+01	   4.0070373954226346e+00	
   3.5910164356231689e+01	   1.5597061674300781e+01	   3.9617643477286721e+00	
   3.6010257482528687e+01	   1.5674645213371448e+01	   3.9168077121932847e+00	
   3.6110502243041992e+01	   1.5748288786141931e+01	   3.8739063922979224e+00	
   3.6209793090820313e+01	   1.5828938255902846e+01	   3.8326627971856055e+00	
   3.6310136556625366e+01	   1.5913008354032005e+01	   3.7948985170847811e+00	
   3.6410180330276489e+01	   1.6002460189070192e+01	   3.7544534193005692e+00	
   3.6510455608367920e+01	   1.6098177902948372e+01	   3.7157209703243477e+00	
   3.6621116399765015e+01	   1.6192132376397062e+01	   3.6732825006449872e+00	
   3.6711224555969238e+01	   1.6284456177276549e+01	   3.6389499328882926e+00	
   3.6809603929519653e+01	   1.6373059381342667e+01	   3.6146412721158554e+00	
   3.6909632205963135e+01	   1.6461297629209156e+01	   3.5954409815028550e+00	
   3.7009903669357300e+01	   1.6558800097551206e+01	   3.5782493034828775e+00	
   3.7111193418502808e+01	   1.6660886801622706e+01	   3.5651764744746837e+00	
   3.7210338592529297e+01	   1.6755439304673665e+01	   3.5583663054333572e+00	
   3.7310332298278809e+01	   1.6840035944505054e+01	   3.5602799205561224e+00	
   3.7409920454025269e+01	   1.6934897069928770e+01	   3.5676536965880130e+00	
   3.7510216712951660e+01	   1.7033550134083324e+01	   3.5759904347471201e+00	
   3.7620173692703247e+01	   1.7121500963273597e+01	   3.5905138597938562e+00	
   3.7710582017898560e+01	   1.7212317405195172e+01	   3.6085577886129654e+00	
   3.7810133695602417e+01	   1.7304719740915150e+01	   3.6304245994126152e+00	
   3.7910849094390869e+01	   1.7413586159708714e+01	   3.6535582560444881e+00	
   3.8010333061218262e+01	   1.7515806430642538e+01	   3.6798813704075268e+00	
   3.8110690116882324e+01	   1.7607131810944704e+01	   3.7123017697891783e+00	
   3.8209912061691284e+01	   1.7707396026876410e+01	   3.7498659168678388e+00	
   3.8310492992401123e+01	   1.7804589111520233e+01	   3.7936725753742433e+00	
   3.8410101652145386e+01	   1.7892667156981464e+01	   3.8449999143853972e+00	
   3.8510448932647705e+01	   1.7986843991043898e+01	   3.8932821158885944e+00	
   3.8620934247970581e+01	   1.8088450314616484e+01	   3.9439164954568122e+00	
   3.8710803508758545e+01	   1.8168087052195773e+01	   3.9968036283809685e+00	
   3.8810772418975830e+01	   1.8253698813356390e+01	   4.0474844059131332e+00	
   3.8909950017929077e+01	   1.8353005940716692e+01	   4.1022300072409461e+00	
   3.9009687423706055e+01	   1.8424950344365307e+01	   4.1542362558399955e+00	
   3.9110265970230103e+01	   1.8495720887189453e+01	   4.2104776091151415e+00	
   3.9209910869598389e+01	   1.8586993688579518e+01	   4.2697600873764401e+00	
   3.9309689044952393e+01	   1.8661709258083185e+01	   4.3290270282672303e+00	
   3.9410323381423950e+01	   1.8728576802467920e+01	   4.3903282337841221e+00	
   3.9510089635848999e+01	   1.8804321953503639e+01	   4.4559481309544964e+00	
   3.9620199203491211e+01	   1.8882632902891672e+01	   4.5235552865377535e+00	
   3.9710722446441650e+01	   1.8965936364873528e+01	   4.5957694804680793e+00	
   3.9810014724731445e+01	   1.9030562052863289e+01	   4.6694736181153713e+00	
   3.9911039352416992e+01	   1.9089784342399241e+01	   4.7430602906528403e+00	
   4.0010392189025879e+01	   1.9167255622567918e+01	   4.8244181019574199e+00	
   4.0110785007476807e+01	   1.9240502422609140e+01	   4.9065042459415924e+00	
   4.0209892988204956e+01	   1.9294243479099794e+01	   4.9814310202971352e+00	
   4.0309602737426758e+01	   1.9353422298876506e+01	   5.0644575731225787e+00	
   4.0409704446792603e+01	   1.9416215713261060e+01	   5.1485639460850336e+00	
   4.0512026309967041e+01	   1.9462565555071297e+01	   5.2216541940176286e+00	
   4.0620065689086914e+01	   1.9503735276868447e+01	   5.2951289052757549e+00	
   4.0710701704025269e+01	   1.9554782874733103e+01	   5.3763738523713958e+00	
   4.0810027599334717e+01	   1.9610214392054392e+01	   5.4615451098043017e+00	
   4.0910713434219360e+01	   1.9669226128547891e+01	   5.5398138705372277e+00	
   4.1010504007339478e+01	   1.9723251706410025e+01	   5.6160676079954595e+00	
   4.1110175371170044e+01	   1.9774804640044312e+01	   5.6890827752900925e+00	
   4.1210047483444214e+01	   1.9825325394882299e+01	   5.7607227544729476e+00	
   4.1309623718261719e+01	   1.9876324614199259e+01	   5.8312902251478622e+00	
   4.1409886598587036e+01	   1.9941860033575342e+01	   5.9047194108567300e+00	
   4.1510693073272705e+01	   1.9997993454638710e+01	   5.9742836231692458e+00	
   4.1619439363479614e+01	   2.0058777543315291e+01	   6.0388361832158690e+00	
   4.1710979700088501e+01	   2.0121056979078507e+01	   6.1034851570308142e+00	
   4.1809997797012329e+01	   2.0181691883764078e+01	   6.1585084251604219e+00	
   4.1910312652587891e+01	   2.0243832383234096e+01	   6.2087534666857174e+00	
   4.2010077953338623e+01	   2.0306469263327198e+01	   6.2531544898112035e+00	
   4.2110861301422119e+01	   2.0375636171887450e+01	   6.2953079636837987e+00	
   4.2209596633911133e+01	   2.0445327479423813e+01	   6.3370077174645161e+00	
   4.2310148715972900e+01	   2.0511991127591376e+01	   6.3755100952915100e+00	
   4.2410515069961548e+01	   2.0588898900081357e+01	   6.4141854543761507e+00	
   4.2510499477386475e+01	   2.0672344359240210e+01	   6.4507163951535800e+00	
   4.2619382858276367e+01	   2.0761949839140012e+01	   6.4850272481002129e+00	
   4.2711198806762695e+01	   2.0855941839902151e+01	   6.5182866373451942e+00	
   4.2810638904571533e+01	   2.0951893647369541e+01	   6.5478747838818210e+00	
   4.2910103559494019e+01	   2.1055773918892640e+01	   6.5689933160245086e+00	
   4.3010254383087158e+01	   2.1164165781295861e+01	   6.5857327162834807e+00	
   4.3110251426696777e+01	   2.1269128057422936e+01	   6.6013785634172990e+00	
   4.3210428476333618e+01	   2.1370611072446167e+01	   6.6077422806560842e+00	
   4.3309893608093262e+01	   2.1467199775783644e+01	   6.6133285557971782e+00	
   4.3410523653030396e+01	   2.1564958581813354e+01	   6.6071099375414875e+00	
   4.3511690616607666e+01	   2.1663827415574676e+01	   6.6008089336699109e+00	
   4.3618831396102905e+01	   2.1761692083380552e+01	   6.5985230410807088e+00	
   4.3710471630096436e+01	   2.1865613366046897e+01	   6.6001430092958691e+00	
   4.3809894084930420e+01	   2.1961657311100026e+01	   6.6008958361546739e+00	
   4.3910900592803955e+01	   2.2062320006503530e+01	   6.5987133726808365e+00	
   4.4010715723037720e+01	   2.2163495687648240e+01	   6.5884042726735652e+00	
   4.4110977649688721e+01	   2.2259548729006593e+01	   6.5717349036297916e+00	
   4.4209612131118774e+01	   2.2358085966266042e+01	   6.5509405773518834e+00	
   4.4309521436691284e+01	   2.2456799254359680e+01	   6.5325182742068870e+00	
   4.4409907817840576e+01	   2.2556205334156871e+01	   6.5159111442006701e+00	
   4.4510988235473633e+01	   2.2658597046410090e+01	   6.4944159443251444e+00	
   4.4619618654251099e+01	   2.2755750002900005e+01	   6.4675023905942846e+00	
   4.4711203575134277e+01	   2.2842216179068100e+01	   6.4319453498871253e+00	
   4.4809945106506348e+01	   2.2929861271770889e+01	   6.3972341078338477e+00	
   4.4910619497299194e+01	   2.3016541771421952e+01	   6.3645647487632973e+00	
   4.5010347843170166e+01	   2.3109026293027419e+01	   6.3323979149728489e+00	
   4.5110773324966431e+01	   2.3202932214139970e+01	   6.2943184147607711e+00	
   4.5209811449050903e+01	   2.3302287458506470e+01	   6.2569751642813713e+00	
   4.5309689283370972e+01	   2.3395541460769262e+01	   6.2126183827521722e+00	
   4.5412589550018311e+01	   2.3484017268630645e+01	   6.1665422480333874e+00	
   4.5511685132980347e+01	   2.3571837257045132e+01	   6.1216554839756903e+00	
   4.5619390964508057e+01	   2.3646823061763254e+01	   6.0767879721358753e+00	
   4.5710415840148926e+01	   2.3721117375518194e+01	   6.0276164056869916e+00	
   4.5809753417968750e+01	   2.3788958202856751e+01	   5.9817237006504733e+00	
   4.5910419940948486e+01	   2.3858199922554281e+01	   5.9396676041104506e+00	
   4.6010394096374512e+01	   2.3933283935769218e+01	   5.8986296896996055e+00	
   4.6110737562179565e+01	   2.4011590867470964e+01	   5.8559007809905887e+00	
   4.6210089683532715e+01	   2.4092556743682000e+01	   5.8139078238772424e+00	
   4.6309701919555664e+01	   2.4179856097250212e+01	   5.7770445728789515e+00	
   4.6410686969757080e+01	   2.4266747169811438e+01	   5.7396931281296908e+00	
   4.6511020898818970e+01	   2.4350267293164688e+01	   5.7070509516413512e+00	
   4.6620562076568604e+01	   2.4433824388574088e+01	   5.6774133167500995e+00	
   4.6710963964462280e+01	   2.4523006855130866e+01	   5.6508839532386643e+00	
   4.6809814929962158e+01	   2.4614747467329295e+01	   5.6262387158763438e+00	
   4.6911128282546997e+01	   2.4707008570613429e+01	   5.6086064124669752e+00	
   4.7010355949401855e+01	   2.4798780955459357e+01	   5.5969212507929438e+00	
   4.7109938144683838e+01	   2.4898074678688722e+01	   5.5888258387168488e+00	
   4.7209722280502319e+01	   2.4998769290345496e+01	   5.5845670330402832e+00	
   4.7310791730880737e+01	   2.5100832879268793e+01	   5.5862211908159036e+00	
   4.7410275697708130e+01	   2.5199303542042394e+01	   5.5895938050074054e+00	
   4.7510846853256226e+01	   2.5296536508368320e+01	   5.6013542356841572e+00	
   4.7620531558990479e+01	   2.5382949829146270e+01	   5.6227321453672072e+00	
   4.7710375070571899e+01	   2.5472566854719403e+01	   5.6496794460956803e+00	
   4.7809966802597046e+01	   2.5574678678034697e+01	   5.6770474818675751e+00	
   4.7910552501678467e+01	   2.5676104062618087e+01	   5.7051923589618712e+00	
   4.8010221958160400e+01	   2.5769780929769627e+01	   5.7367122098851517e+00	
   4.8110196590423584e+01	   2.5862322208965924e+01	   5.7729828161360874e+00	
   4.8209993839263916e+01	   2.5970301742437574e+01	   5.8117370824482784e+00	
   4.8310248374938965e+01	   2.6077862744462998e+01	   5.8548777858123540e+00	
   4.8410283327102661e+01	   2.6167645423926754e+01	   5.9041081573455809e+00	
   4.8511608362197876e+01	   2.6250588001094076e+01	   5.9589274673176966e+00	
   4.8620400190353394e+01	   2.6334205461165698e+01	   6.0203334485467304e+00	
   4.8710656642913818e+01	   2.6429147756633352e+01	   6.0789286147875163e+00	
   4.8810402870178223e+01	   2.6523924252422489e+01	   6.1302771246893935e+00	
   4.8910321712493896e+01	   2.6596131529215707e+01	   6.1808119225135645e+00	
   4.9010080575942993e+01	   2.6662061367000547e+01	   6.2369975980641819e+00	
   4.9110291719436646e+01	   2.6741231074553177e+01	   6.2986299780771802e+00	
   4.9209906578063965e+01	   2.6817693307531822e+01	   6.3638853843383636e+00	
   4.9310938596725464e+01	   2.6898656879666227e+01	   6.4296362959480753e+00	
   4.9410976648330688e+01	   2.6973915936415867e+01	   6.4962253894781457e+00	
   4.9510703802108765e+01	   2.7033119192565756e+01	   6.5620358470420719e+00	
   4.9620695590972900e+01	   2.7096890077976212e+01	   6.6342477569115914e+00	
   4.9710557460784912e+01	   2.7162933298423905e+01	   6.7095056938848545e+00	
   4.9809856891632080e+01	   2.7238041730263738e+01	   6.7840908119648322e+00	
   4.9910939693450928e+01	   2.7308133381332027e+01	   6.8562483871599404e+00	
   5.0009918212890625e+01	   2.7357606659524809e+01	   6.9263067708679582e+00	
   5.0110076427459717e+01	   2.7422444108544109e+01	   7.0078761551409938e+00	
   5.0210233688354492e+01	   2.7486507028478574e+01	   7.0965545816402500e+00	
   5.0309988498687744e+01	   2.7535395838918681e+01	   7.1787891686943546e+00	
   5.0410283565521240e+01	   2.7587908195003383e+01	   7.2597178207031892e+00	
   5.0511453628540039e+01	   2.7636109270492579e+01	   7.3452181288525678e+00	
   5.0620101213455200e+01	   2.7689350095297559e+01	   7.4334553677813915e+00	
   5.0710206508636475e+01	   2.7748026235418198e+01	   7.5197337054812188e+00	
   5.0809916973114014e+01	   2.7801232685779524e+01	   7.5999886384710402e+00	
   5.0910406112670898e+01	   2.7851581174972281e+01	   7.6768262078888156e+00	
   5.1010275840759277e+01	   2.7901597930678772e+01	   7.7542068941651330e+00	
   5.1109950304031372e+01	   2.7964254916908960e+01	   7.8339678022700250e+00	
   5.1210628032684326e+01	   2.8016871984715117e+01	   7.9062816185656963e+00	
   5.1310275793075562e+01	   2.8078390924460827e+01	   7.9807346198597653e+00	
   5.1410013675689697e+01	   2.8147530718464989e+01	   8.0601180671690074e+00	
   5.1510930299758911e+01	   2.8211840034593841e+01	   8.1345713612040011e+00	
   5.1621045589447021e+01	   2.8274202399646207e+01	   8.2028434935794348e+00	
   5.1710841655731201e+01	   2.8336090188917680e+01	   8.2647214853211395e+00	
   5.1810748338699341e+01	   2.8396223689166934e+01	   8.3205077155219804e+00	
   5.1910873889923096e+01	   2.8464364657277603e+01	   8.3789143102428802e+00	
   5.2010806798934937e+01	   2.8540320430236278e+01	   8.4398518691017621e+00	
   5.2110283374786377e+01	   2.8617751182511036e+01	   8.4955986831261061e+00	
   5.2210550785064697e+01	   2.8685010594236502e+01	   8.5446340582820710e+00	
   5.2310345649719238e+01	   2.8754487598406257e+01	   8.5834460021130052e+00	
   5.2410063505172729e+01	   2.8830118266772551e+01	   8.6174458454968246e+00	
   5.2510888099670410e+01	   2.8905666033581799e+01	   8.6478223623872026e+00	
   5.2621051788330078e+01	   2.8985030001597490e+01	   8.6769823449419690e+00	
   5.2711041450500488e+01	   2.9068286715663405e+01	   8.7059571051832645e+00	
   5.2810688257217407e+01	   2.9154220283279411e+01	   8.7308963112818319e+00	
   5.2910884380340576e+01	   2.9252565746299616e+01	   8.7526329173511108e+00	
   5.3010844469070435e+01	   2.9351314429853666e+01	   8.7697768231590612e+00	
   5.3110325574874878e+01	   2.9447753805661222e+01	   8.7808701633649466e+00	
   5.3210152387619019e+01	   2.9539107515510295e+01	   8.7886077853218740e+00	
   5.3309938669204712e+01	   2.9637315331745786e+01	   8.7934516083453182e+00	
   5.3410059928894043e+01	   2.9735532101337331e+01	   8.7959096811188218e+00	
   5.3510926008224487e+01	   2.9833056080490511e+01	   8.7965525843790715e+00	
   5.3619656085968018e+01	   2.9934727995221667e+01	   8.7954358358970026e+00	
   5.3710170269012451e+01	   3.0032652597137904e+01	   8.7964638014988044e+00	
   5.3815124273300171e+01	   3.0126810823351665e+01	   8.7918604455270124e+00	
   5.3910496473312378e+01	   3.0223166135830141e+01	   8.7867829232408425e+00	
   5.4010372161865234e+01	   3.0325017996818140e+01	   8.7805715507096451e+00	
   5.4110527038574219e+01	   3.0430962913056369e+01	   8.7743674887539811e+00	
   5.4210664510726929e+01	   3.0534557656082558e+01	   8.7665749683513958e+00	
   5.4310456514358521e+01	   3.0634733063061947e+01	   8.7528142719888784e+00	
   5.4409581184387207e+01	   3.0731011967283514e+01	   8.7316690248705058e+00	
   5.4510608196258545e+01	   3.0824315494736627e+01	   8.7105372128339695e+00	
   5.4620577573776245e+01	   3.0916264053873430e+01	   8.6861875891499878e+00	
   5.4710922002792358e+01	   3.1012259746073937e+01	   8.6612264893104349e+00	
   5.4810624122619629e+01	   3.1106160451860461e+01	   8.6331025024280628e+00	
   5.4910405635833740e+01	   3.1198861877990904e+01	   8.5988455682695655e+00	
   5.5010548830032349e+01	   3.1290252966547172e+01	   8.5644784900526467e+00	
   5.5110052824020386e+01	   3.1384463746226295e+01	   8.5330131146798927e+00	
   5.5209858655929565e+01	   3.1472364014365116e+01	   8.4967274424931993e+00	
   5.5310826063156128e+01	   3.1559195125434602e+01	   8.4560620544897347e+00	
   5.5409960269927979e+01	   3.1640792535797903e+01	   8.4150592190596765e+00	
   5.5511703491210938e+01	   3.1729999384582861e+01	   8.3713139257142117e+00	
   5.5620180845260620e+01	   3.1819213888945367e+01	   8.3276717653067358e+00	
   5.5710727930068970e+01	   3.1911965140992503e+01	   8.2865669900473335e+00	
   5.5809893846511841e+01	   3.1996898986552605e+01	   8.2479090118514797e+00	
   5.5912484884262085e+01	   3.2078002620049482e+01	   8.2077724260624620e+00	
   5.6010944604873657e+01	   3.2151212307791013e+01	   8.1690513249242453e+00	
   5.6110308408737183e+01	   3.2223879694955492e+01	   8.1355554388860014e+00	
   5.6210061311721802e+01	   3.2301019099675415e+01	   8.0996536549130411e+00	
   5.6310654163360596e+01	   3.2381308636273786e+01	   8.0685993339262296e+00	
   5.6410224199295044e+01	   3.2463934337187922e+01	   8.0364383304480711e+00	
   5.6511349201202393e+01	   3.2551284654433367e+01	   8.0052747571282659e+00	
   5.6621031284332275e+01	   3.2631269173006494e+01	   7.9826427194140557e+00	
   5.6711179018020630e+01	   3.2684586220686192e+01	   7.9691451926526700e+00	
   5.6810867786407471e+01	   3.2697420407374921e+01	   7.9691259322134460e+00	
   5.6910649299621582e+01	   3.2695547398144193e+01	   7.9689538493954002e+00	
   5.7010984420776367e+01	   3.2679552832583916e+01	   7.9690002744152366e+00	
   5.7110709667205811e+01	   3.2672037846087505e+01	   7.9680025479106593e+00	
   5.7210176706314087e+01	   3.2672831443709249e+01	   7.9686695417628517e+00	
   5.7315719366073608e+01	   3.2675559283671163e+01	   7.9703336684895696e+00	
   5.7411005735397339e+01	   3.2674973650542036e+01	   7.9699623373340938e+00	
   5.7510835170745850e+01	   3.2673463000057914e+01	   7.9696596607243650e+00	
   5.7620496273040771e+01	   3.2674134126001356e+01	   7.9686765561294930e+00	
   5.7710435390472412e+01	   3.2675290079629448e+01	   7.9692129569070165e+00	
   5.7810352087020874e+01	   3.2674603644723575e+01	   7.9699897991670205e+00	
   5.7912938594818115e+01	   3.2674395676510457e+01	   7.9696941366920626e+00	
   5.8010257720947266e+01	   3.2674727413622250e+01	   7.9691510185683390e+00	
   5.8111009597778320e+01	   3.2674464565913887e+01	   7.9706223172833859e+00	
   5.8210454463958740e+01	   3.2674533455296213e+01	   7.9715504976428386e+00	
   5.8310266971588135e+01	   3.2675196928634520e+01	   7.9704642619435582e+00	
   5.8410794019699097e+01	   3.2675481438856202e+01	   7.9717912361142496e+00	
   5.8511690616607666e+01	   3.2675443167377622e+01	   7.9712755801926605e+00	
